
****************************************
Minimizer is Linear
Chi2                      =     0.251272
NDf                       =            7
p0                        =      138.007   +/-   21.2502     
p1                        =    -0.746879   +/-   2.15606     
p2                        =   -0.0940806   +/-   0.053955    
I parametri sono
A: 138.007 ± 21.2502
B: -0.746879 ± 2.15606
C: -0.0940806 ± 0.053955
La y è:17.7687 l'errore:7.54848
